69
94
56
12
91
51
42
89
60
79
48
26
66
33
74
43
61
54
78
58
46
18
30
19
96
47
10
31
8
83
45
27
93
44
70
98
46
91
12
23
49
43
86
68
38
80
34
93
16
17
8
93
61
54
35
48
80
54
65
50
72
84
92
47
44
5
90
56
53
64
21
49
9
2
24
33
14
57
21
68
28
32
35
19
77
60
89
15
22
34
42
76
14
50
80
9
26
64
33
50
16
9
12
26
34
1
17
54
83
88
60
14
82
99
90
96
15
78
3
51
70
4
4
26
11
63
55
57
87
89
9
85
98
44
3
82
6
6
5
14
85
65
50
25
68
79
42
35
70
42
95
96
20
87
35
40
70
24
63
0
0
36
57
17
67
99
8
61
11
60
12
75
67
4
81
68
3
51
90
64
39
37
51
10
12
92
4
98
84
21
37
29
67
90
22
22
69
83
48
3
43
45
71
6
93
0
71
75
15
44
30
73
49
64
32
58
78
41
29
71
84
71
33
59
41
27
46
27
13
68
7
56
16
21
89
54
53
51
13
75
76
41
90
72
57
61
69
70
62
57
80
4
87
87
98
56
30
82
68
97
93
55
72
65
29
32
46
49
24
23
79
6
51
59
15
89
7
65
68
48
92
98
5
28
21
48
57
7
99
83
0
55
29
17
57
21
29
63
86
16
13
97
89
78
98
1
92
26
94
96
79
47
84
0
54
0
9
21
46
85
22
91
46
35
28
17
36
24
86
90
74
26
5
46
58
90
34
35
65
1
94
1
99
23
91
75
13
32
43
10
37
24
72
53
35
62
71
46
98
30
51
63
5
81
19
88
75
6
52
78
90
62
64
62
80
44
35
64
81
87
84
14
26
73
14
53
90
55
77
92
38
19
32
49
47
50
24
36
76
2
6
33
88
27
72
22
9
14
37
35
19
74
80
75
56
65
86
8
72
64
91
86
22
47
12
37
49
4
3
66
57
10
38
65
22
34
29
64
16
69
26
95
98
1
50
71
0
7
38
17
11
42
81
30
92
67
89
69
14
80
30
78
70
67
22
33
36
91
99
70
35
70
88
56
34
88
39
7
6
47
96
89
97
20
82
30
93
89
74
33
74
50
33
75
46
43
28
61
67
79
0
74
47
40
72
46
79
22
82
88
54
49
50
63
22
3
42
76
93
59
47
15
81
77
93
51
42
0
66
66
10
38
25
93
39
39
59
86
1
87
43
8
11
18
98
52
72
3
62
90
27
16
16
38
4
18
58
21
26
85
70
31
65
80
73
19
33
15
35
60
61
33
28
60
3
56
86
91
85
71
37
1
21
80
57
43
86
9
59
72
42
18
58
21
36
12
1
65
71
76
58
47
2
62
34
16
92
29
92
88
4
57
97
45
49
72
46
60
63
21
84
77
85
87
32
51
52
11
12
37
42
70
50
51
13
6
64
76
75
71
50
12
69
46
91
42
80
90
95
17
36
67
94
41
84
16
55
1
52
41
39
59
58
22
89
97
56
35
16
31
95
36
27
98
97
25
69
92
89
0
32
53
64
99
17
82
3
26
62
84
40
21
1
81
59
11
33
12
37
43
62
15
46
60
42
10
27
12
87
66
22
9
1
12
51
52
20
5
98
8
67
51
5
96
12
66
80
76
44
24
68
98
39
90
90
33
37
77
99
55
60
2
65
9
86
75
61
23
12
30
45
17
69
51
94
5
8
21
2
27
41
18
31
22
58
6
48
72
75
15
14
0
25
31
23
68
67
49
75
64
72
89
75
11
92
91
67
53
26
32
1
40
91
81
88
81
28
9
80
86
60
30
62
45
97
96
8
66
5
82
72
78
72
22
73
2
52
87
20
16
58
57
77
77
4
14
94
75
1
53
21
70
28
28
49
90
69
22
24
91
42
35
52
14
62
32
39
72
8
16
54
70
99
42
5
79
47
48
41
58
80
88
64
87
55
25
75
17
72
86
66
88
91
23
47
96
44
97
17
38
58
73
76
54
25
41
54
63
12
48
70
64
1
67
98
95
84
76
62
4
15
38
79
4
96
71
54
95
70
40
74
85
37
11
62
81
13
3
65
40
18
48
12
57
21
78
80
22
37
69
52
39
1
23
7
98
22
2
68
60
33
56
16
0
41
89
41
54
35
32
7
42
11
67
35
66
44
21
89
82
69
13
80
64
15
61
74
36
59
61
86
63
24
46
25
23
98
20
23
90
62
40
99
77
26
34
96
35
81
7
43
45
24
59
83
85
76
8
95
6
